Iteration[0]:	-0.000284568981422x	[0.001, 0.001, 0.001]
Iteration[4000]:	-0.000393402174055x	[0.0001, 0.001, 0.28872071352025463]
Iteration[1000]:	-0.000349235279099x	[0.001, 0.001, 0.001]
Iteration[8000]:	-0.000279723668051x	[0.66912784939877279, 2.3375177002764107, 0.0001]
Iteration[6000]:	-0.000381847965248x	[0.66912784939877279, 0.001, 0.0001]
Iteration[13000]:	-0.000304882025937x	[0.66912784939877279, 2.3375177002764107, 0.0001]
Iteration[9000]:	-0.000316622592951x	[0.66912784939877279, 2.3375177002764107, 0.0001]
Iteration[2000]:	-0.000381288890628x	[0.001, 0.001, 0.001]
Iteration[5000]:	-0.000404210950036x	[0.0001, 0.001, 0.28872071352025463]
